7593612
7593494
7593013
7593012
7592875
7592557
7591039
7590290
7589841
7589745
7589731
7589157
7588831
7588673
7588334
7587807
7587773
7587673
7587072
7586786
7586536
7586159
7585786
7585252
7584846
7584407
7584406
7584138
7584133
7584121
7583245
7582571
7575897
7575833
7575529
7575429
7575405
7575394
7575378
7574772
7574645
7574138
7573839
7573789
7573715
7573700
7573447
7566719
7566708
7566601
7566596
7566465
7566328
7566249
7566190
7566171
7565280
7564991
7564938
7564855
7564821
7564814
7564547
7564272
7563892
7563717
7563473
7563454
7563376
7563367
7563244
7563202
7563172
7563158
7562838
7562787
7562602
7562377
7562361
7562107
7562042
7561980
7561952
7561763
7561754
7561477
7561360
7561335
7561293
7561014
7560776
7560728
7560676
7560307
7560173
7560127
7559421
7559414
7559164
7558922
7558914
7558820
7558793
7558530
7558425
7558182
7558106
7558046
7557936
7557863
7557728
7557711
7557533
7557526
7557453
7557313
7557213
7557043
7556794
7556239
7556176
7556113
7556102
7555880
7555865
7555597
7555554
7555362
7555306
7554700
7554432
7553950
7553932
7553890
7553860
7553829
7553806
7553766
7553649
7553475
7553336
7553331
7553195
7553163
7553105
7553076
7552948
7552945
7552908
7552521
7552435
7552366
7552111
7552085
7552039
7551932
7551811
7551741
7551646
7551603
7551039
7550992
7550417
7550284
7549996
7549987
7549901
7549658
7549444
7549292
7549169
7549100
7548962
7548944
7548943
7548860
7548672
7548602
7548118
7548063
7548040
7548027
7548008
7547833
7547801
7547500
7547320
7547251
7546868
7546667
7546643
7546639
7546588
7546561
7546532
7546477
7546400
7546286
7546236
7545802
7545566
7545474
7545374
7545219
7545067
7545060
7544888
7544737
7544633
7544597
7544376
7544219
7543810
7543807
7543293
7543175
7543020
7542881
7542486
7542245
7542222
7541924
7541835
7541376
7541368
7541219
7541030
7540929
7540912
7540878
7540705
7540230
7539844
7539636
7539605
7539568
7538741
7538542
7538429
7537986
7537865
7537760
7537637
7537592
7537195
7537092
7536901
7536742
7536655
7536647
7536593
7536556
7536522
7536005
7535959
7535897
7535837
7535832
7535691
7535466
7535426
7535305
7535235
7535227
7534851
7534664
7534440
7534304
7533919
7533401
7533276
7532850
7532768
7532693
7532442
7532302
7532154
7531564
7531386
7531272
7531244
7530935
7530779
7530602
7530524
7530510
7530388
7530341
7529719
7529513
7529151
7529089
7529072
7529065
7528894
7528508
7528475
7528471
7528329
7528295
7528239
7528208
7528186
7528181
7528094
7528080
7528002
7527705
7527366
7527364
7527144
7526391
7526359
7526249
7525856
7525432
7525178
7525156
7524939
7524865
7523950
7523816
7523807
7523617
7523476
7522997
7522686
7522375
7522264
7521918
7521129
7521006
7520976
7520727
7520548
7520457
7520401
7520300
7519540
7519429
7519226
7518895
7518860
7518801
7518794
7518693
7518650
7518460
7518340
7518315
7518168
7518045
7517934
7517930
7517784
7517481
7517171
7516860
7516857
7516769
7515710
7515598
7515470
7515378
7515292
7515261
7515212
7515058
7514697
7514651
7514515
7514201
7514086
7513806
7513672
7513669
7513204
7512640
7512591
7512523
7512494
7512410
7512385
7512188
7511955
7511817
7511710
7511574
7511380
7510894
7510714
7510600
7510350
7510031
7509953
7509600
7509325
7509252
7509160
7508875
7508867
7508670
7508527
7508517
7508386
7508309
7508076
7507639
7507358
7507192
7507037
7507020
7506644
7506266
7506077
7505769
7505734
7505476
7505202
7504930
7504923
7504813
7504573
7503818
7503735
7503310
7503222
7503219
7503133
7503070
7503044
7502903
7501873
7501727
7501643
7501035
7500776
7500346
7499736
7499297
7499192
7498826
7498609
7498216
7498115
7498021
7497552
7497462
7497271
7496906
7496905
7496651
7496624
7496606
7496480
7496465
7496456
7496454
7495983
7495910
7495377
7495128
7494108
7494041
7493990
7493724
7493400
7493091
7492847
7492840
7492763
7492590
7492048
7491923
7491552
7491478
7491350
7491339
7491102
7490451
7490387
7490284
7490211
7490097
7489894
7489797
7489790
7489561
7489379
7489342
7489099
7488975
7488825
7488802
7488750
7488729
7488723
7488610
7488553
7488491
7488427
7488299
7488277
7488248
7488039
7487912
7487848
7487781
7487265
7487190
7487081
7486884
7486793
7486718
7486715
7486454
7486282
7486155
7486097
7485570
7485541
7485345
7484778
7484267
7484041
7483963
7483952
7483846
7483782
7483712
7483709
7483511
7483185
7483079
7482818
7482771
7482566
7482463
7482292
7482187
7481940
7481653
7481580
7481567
7481254
7481238
7480873
7480816
7480774
7480670
7480548
7480535
7480218
7480213
7480114
7479962
7479943
7479928
7479836
7479673
7479227
7479016
7478928
7478492
7478438
7477983
7477941
7477922
7477907
7477637
7477587
7477548
7477391
7477379
7477278
7477266
7477221
7477190
7477185
7477175
7476959
7476943
7476930
7476717
7476679
7476630
7476627
7476518
7476481
7476468
7476443
7476168
7476139
7476096
7476094
7476047
7475726
7475588
7475537
7475510
7475369
7475321
7475247
7475111
7474848
7474582
7474572
7474366
7474353
7474293
7474110
7473955
7473901
7473624
7473385
7473325
7472991
7472868
7472597
7472553
7472295
7472247
7472233
7472201
7472129
7472077
7472017
7472016
7471984
7471931
7471876
7471708
7471578
7471537
7471006
7470941
7470584
7470355
7469823
7469781
7469522
7469399
7469352
7469250
7469236
7469073
7469064
7468957
7468923
7468904
7468430
7468077
7468011
7467802
7467727
7467685
7467558
7467513
7467473
7467299
7466938
7466918
7466857
7466833
7466709
7466172
7465810
7465653
7465268
7465089
7464819
7464614
7464612
7464459
7464323
7464007
7463540
7463102
7462783
7462664
7462415
7462186
7460985
7460403
7460253
7460225
7460159
7460095
7459935
7459831
7459733
7459186
7458931
7458750
7458618
7458603
7458585
7458534
7458437
7458436
7458421
7458417
7458379
7458372
7458347
7458296
7458257
7457851
7457728
7457659
7457417
7457368
7457221
7457092
7456999
7456759
7456593
7456341
7456285
7456140
7455550
7455074
7455055
7454981
7454966
7454607
7454112
7454061
7453564
7452988
7452678
7452620
7452377
7452053
7452032
7451942
7451864
7451833
7451805
7451738
7451469
7451464
7451457
7451346
7451282
7451080
7451049
7450987
7450678
7450653
7450392
7450360
7450161
7450107
7449881
7449795
7448931
7448191
7448170
7448034
7447989
7447536
7447449
7447312
7447227
7447162
7446095
7446033
7445744
7444886
7444784
7444726
7444590
7444462
7444380
7444113
7444101
7443989
7443864
7443702
7443518
7443417
7443298
7443283
7443181
7443164
7443129
7442968
7442898
7442868
7442855
7442563
7442376
7442175
7442058
7441916
7441907
7441906
7441753
7441491
7441281
7440763
7440549
7440192
7440126
7439951
7439950
7439912
7439830
7439736
7439674
7439634
7439296
7439263
7438225
7437651
7437045
7436927
7436920
7436887
7436691
7436538
7436528
7435936
7435830
7435754
7435750
7435729
7435607
7434514
7434470
7434415
7434193
7434135
7434046
7433970
7433711
7433619
7433616
7433372
7433030
7432690
7432598
7432523
7432376
7432278
7432198
7432193
7432114
7431861
7431752
7431740
7431468
7431305
7431048
7430983
7430948
7430559
7430517
7430486
7430371
7430342
7430299
7430102
7429911
7429897
7429321
7429255
7429229
7429190
7429160
7428957
7428785
7428455
7428373
7428334
7428215
7428204
7428169
7427800
7427634
7427567
7427430
7427382
7427260
7426826
7426808
7426713
7426590
7426550
7425904
7425761
7425683
7425628
7425583
7425499
7425263
7425038
7424957
7424855
7424714
7424703
7424582
7424554
7424494
7424420
7424324
7424197
7424033
7423891
7423803
7423772
7423563
7423054
7422993
7422976
7422942
7422932
7422915
7422882
7422828
7422718
7421963
7421832
7421686
7421612
7421409
7421181
7421040
7420972
7420873
7420573
7420443
7420365
7420345
7420124
7419697
7419694
7419674
7419645
7419638
7419634
7419545
7419439
7419143
7419073
7418809
7418744
7418657
7418561
7418478
7418413
7418405
7418382
7418358
7417881
7417714
7417516
7417137
7417129
7417073
7416974
7416831
7416564
7416368
7416302
7416063
7416015
7415994
7415989
7415889
7415752
7415546
7415516
7415497
7415469
7415371
7415342
7415230
7414831
7414610
7414604
7414592
7414588
7414572
7414543
7414032
7413824
7413757
7413642
7413626
7413621
7413603
7413469
7413450
7413422
7413199
7413178
7413171
7413154
7413056
7412830
7412560
7412420
7412376
7412329
7412312
7412095
7411877
7411752
7411576
7411567
7411321
7410863
7410710
7410501
7410438
7410432
7410312
7410291
7410003
7409980
7409653
7409570
7409568
7409518
7409511
7409416
7408816
7408725
7408672
7408519
7408281
7408271
7408088
7407800
7407756
7407372
7407045
7406918
7406880
7406827
7406802
7406562
7406499
7406415
7406401
7406276
7406158
7405947
7405904
7405887
7405751
7405726
7405658
7405616
7405505
7405492
7405309
7405221
7405145
7405142
7404607
7404548
7404230
7403906
7403135
7403084
7403082
7402986
7402984
7402921
7402707
7402519
7402424
7402265
7402229
7401778
7401645
7401504
7401486
7400238
7400082
7400067
7400017
7399964
7399826
7399812
7399754
7399734
7399349
7399258
7399248
7399238
7398812
7398730
7398512
7398220
7398092
7397961
7397811
7397773
7397697
7397667
7397301
7397249
7397185
7397041
7396962
7396850
7396505
7396444
7396360
7396242
7396113
7396065
7395922
7395905
7395865
7395692
7395498
7395361
7395160
7394992
7394909
7394849
7394845
7394826
7394624
7394585
7394470
7394369
7394244
7393852
7393812
7393620
7393597
7393257
7392554
7392510
7392216
7391948
7391928
7391612
7391462
7391390
7391064
7391045
7391037
7391000
7390757
7390723
7390615
7390098
7389881
7389756
7389249
7389190
7388833
7388510
7388441
7388212
7387699
7387432
7387368
7387241
7387227
7162322
7100347
7100258
7100241
7100071
7099989
7099916
7099666
7099597
7099549
7098773
7098259
7098198
7097863
7097862
7097849
7097524
7097478
7097428
7096994
7096899
7096840
7096663
7096641
7096636
7096546
7096348
7096238
7096229
7096007
7095959
7095956
7095919
7095913
7095817
7095797
7095657
7095381
7095234
7095209
7095180
7095168
7094861
7094820
7094507
7094420
7094406
7094311
7094281
7094163
7093907
7093899
7093395
7093375
7090206
7090179
7090079
7089762
7089733
7089576
7089354
7089282
7088847
7088609
7087632
7087412
7087295
7087152
7087065
7086876
7086826
7086822
7086727
7086703
7082014
7081940
7081872
7081795
7081736
7081521
7080679
7080489
7079709
7079614
7079471
7079370
7079332
7079299
7079158
7079055
7078994
7078746
7078682
7078668
7078665
7078584
7078415
7078069
7078045
7077927
7077556
7077312
7077232
7077012
7076650
7076585
7076270
7076254
7076239
7076222
7076042
7075954
7075948
7075793
7075671
7074885
7074860
7074858
7074842
7074679
7074594
7074510
7074322
7074266
7074021
7073985
7073900
7073731
7073508
7073314
7072919
7072844
7072798
7072582
7072201
7072199
7072152
7072083
7072043
7071807
7071532
7071503
7071262
7071237
7071164
7071127
7070966
7070721
7070680
7070650
7070626
7070610
7070336
7070335
7070166
7070132
7069976
7069883
7069852
7069546
7069382
7069331
7069318
7069308
7069258
7068839
7068798
7068732
7068671
7068528
7068421
7068371
7068246
7068196
7068141
7067895
7067830
7067710
7067336
7067207
7066974
7066934
7066856
7066702
7066562
7066552
7066534
7066355
7066304
7066028
7065784
7065735
7065601
7065592
7065273
7065255
7065064
7065055
7065041
7064996
7064982
7064962
7064910
7064790
7064622
7064615
7064391
7064278
7064152
7064088
7064071
7064057
7064035
7063808
7063687
7063542
7063532
7063519
7063516
7063441
7063308
7063264
7063248
7063228
7063177
7063014
7062780
7062584
7062414
7062377
7061923
7061458
7061438
7061364
7061340
7061260
7061251
7061188
7061176
7061125
7061097
7060898
7060861
7060854
7060789
7060707
7060479
7060210
7060129
7059795
7059673
7059458
7059270
7059220
7059067
7059049
7059030
7059005
7058934
7058592
7058506
7058307
7057942
7057897
7057735
7057684
7057617
7057466
7057408
7057223
7057182
7057124
7056951
7056893
7056720
7056412
7056373
7056296
7056210
7056127
7055975
7055954
7055881
7055602
7055485
7055194
7054455
7054169
7054055
7053878
7053693
7053672
7053510
7053424
7053403
7053360
7053352
7053329
7053281
7052733
7052327
7052309
7052245
7051990
7051643
7051482
7051141
7050989
7050870
7050720
7050574
7050262
7050247
7050070
7049961
7049546
7049421
7049373
7049305
7049115
7048714
7048577
7048395
7048165
7047969
7047929
7047839
7047710
7047602
7047566
7047434
7047282
7047112
7046826
7046677
7045945
7045867
7045823
7045765
7045601
7045581
7045511
7045463
7045404
7045387
7045358
7045218
7045177
7045077
7044901
7044791
7044778
7044244
7044174
7043973
7043871
7043734
7042871
7042854
7042830
7042738
7042682
7042260
7042200
7042196
7042078
7041989
7041527
7041095
7041063
7040773
7040745
7040739
7040520
7040418
7040298
7040179
7040133
7039892
7039732
7039455
7039381
7039300
7039163
7039127
7038584
7038450
7038368
7038293
7038181
7037965
7037894
7037802
7037414
7037370
7036768
7036653
7036616
7036518
7036370
7036212
7036165
7036143
7036038
7035771
7035331
7035282
7035242
7034606
7034441
7034423
7034353
7034307
7034293
7034178
7034151
7034043
7033829
7033749
7033659
7033577
7033572
7033338
7033136
7033131
7033096
7033030
7032962
7032730
7032353
7032337
7032264
7032219
7032207
7032069
7032013
7031900
7031827
7031822
7031609
7031435
7031433
7031430
7031396
7031353
7031329
7031051
7030959
7030926
7030873
7030857
7030765
7030531
7030448
7030427
7030424
7030117
7029924
7029872
7029803
7029624
7029587
7029580
7029533
7029474
7029365
7029341
7029290
7029207
7029155
7029142
7029067
7029023
7029016
7028987
7028791
7028785
7028759
7028756
7028753
7028670
7028543
7028511
7028508
7028386
7028327
7028254
7028109
7028078
7027926
7027703
7027536
7027319
7027163
7027036
7027032
7026999
7026579
7026438
7026250
7026059
7025894
7025864
7025832
7025580
7025560
7025554
7025467
7025380
7025344
7025231
7025048
7025047
7024985
7024949
7024595
7024436
7024409
7024099
7023996
7023920
7023889
7023873
7023834
7023607
7023518
7023324
7023049
7023037
7022885
7022859
7022264
7021954
7021839
7021670
7021669
7021637
7021536
7021494
7021405
7021390
7021316
7021188
7021151
7020768
7020746
7020607
7020526
7020306
7020210
7020208
7019951
7019873
7019858
7019729
7019582
7019423
7019366
7019174
7018759
7018744
7018173
7018099
7017867
7017708
7017427
7016867
7016864
7016805
7016540
7016493
7016482
7016173
7016146
7015972
7015836
7015322
7015192
7015159
7015158
7015139
7015119
7015091
7014827
7014820
7014427
7014405
7014343
7014310
7014263
7014239
7013821
7013710
7013579
7012972
7012823
7012789
7012306
7012283
7012129
7011994
7011758
7011631
7011533
7011493
7011382
7011240
7011225
7011197
7011194
7011146
7011078
7010879
7010858
7010855
7010692
7010558
7010513
7010489
7010415
7010249
7010008
7009835
7009739
7009703
7009589
7009491
7009216
7009182
7009110
7008922
7008917
7008759
7008581
7008316
7008099
7007957
7007888
7007862
7007752
7007746
7007709
7007618
7007451
7007244
7007212
7007006
7006907
7006867
7006782
7006692
7006670
7006645
7006636
7006512
7006380
7006314
7006106
7005973
7005481
7005457
7005442
7005365
7005306
7005161
7005141
7005092
7005086
7004983
7004876
7004576
7004556
7004543
7004483
7004418
7004412
7004117
7004048
7003885
7003851
7003568
7003528
7003350
7003328
7003321
7003289
7002990
7002957
7002861
7002656
7002388
7002356
7002283
7002263
7002072
7001863
7001786
7001356
7001305
7001089
7001028
7001027
7001024
7000995
7000967
7000942
7000635
7000285
7000247
6999996
6999869
6999692
6999411
6999170
6998975
6998390
6998229
6998178
6998064
6997859
6997847
6997781
6997742
6997684
6997569
6997261
6997174
6997169
6997023
6996580
6996510
6996376
6996372
6996185
6996145
6996143
6996118
6996109
6996068
6996041
6996026
6996006
6995840
6995556
6995502
6995230
6995172
6995136
6995016
6994854
6994820
6994531
6994345
6994257
6994233
6994177
6993979
6993901
6993606
6993511
6993012
6992536
6992331
6991755
6991603
6991563
6991510
6991407
6991382
6991324
6991234
6991062
6991041
6991018
6990838
6990751
6990556
6990059
6990041
6989993
6989985
6989893
6989659
6989611
6989400
6989176
6989102
6988643
6988530
6988400
6988385
6988158
6988045
6988020
6987998
6987540
6987538
6987251
6987208
6987132
6986892
6986787
6986743
6986648
6986552
6986364
6986331
6986256
6986086
6985967
6985842
6985804
6985744
6985606
6985514
6985384
6985358
6985275
6985057
6984953
6984469
6984353
6984193
6984157
6984071
6984053
6983954
6983938
6983806
6983651
6983632
6983375
6983036
